0,390
75,9
75,3
79,4
121,15
251,7
69,14
69,13
69,0
69,7
251,6
0,569
0,386
0,385
0,384
143,9
0,523
0,313
251,5
251,4
0,319
145,5
178,3
190,3
101,6
101,5
146,4
143,10
243,3
96,3
52,3
13,3
288,3
287,6
287,4
283,3
275,3
36,3
26,3
79,3
125,3
125,8
125,4
137,3
229,3
143,3
229,5
130,3
39,13
39,12
121,14
136,3
100,4
67,3
67,5
0,306
0,500
303,62
303,61
303,60
303,59
303,58
303,57
290,14
290,12
290,11
290,10
290,7
290,5
290,9
290,8
108,4
104,3
175,3
113,4
114,4
101,4
174,3
156,3
155,3
193,9
0,564
0,227
0,226
0,225
0,224
0,223
0,222
0,221
0,220
0,219
0,218
0,217
0,216
0,215
0,214
0,213
0,212
0,211
0,210
0,209
0,208
0,207
0,206
0,205
0,204
0,203
0,202
0,201
0,570
0,200
0,199
0,198
0,197
0,196
0,195
0,194
0,193
0,192
0,63
0,62
0,61
0,60
0,59
0,58
0,57
0,56
0,52
0,45
0,6
0,55
0,54
0,53
251,3
251,2
251,1
251,0
0,4
0,11
0,51
0,50
0,49
75,6
77,5
77,3
291,3
289,3
287,7
287,5
287,3
285,3
74,3
86,3
72,3
205,3
198,3
63,4
64,3
63,3
197,4
229,13
90,15
55,10
55,9
150,21
150,20
55,5
150,4
143,21
144,19
0,571
106,12
197,6
196,3
115,4
144,18
144,17
144,4
90,19
90,10
106,11
208,16
105,20
106,9
208,13
105,15
208,14
150,19
229,14
105,19
0,550
0,281
0,2
0,48
0,47
143,20
0,46
0,277
0,477
55,1
144,16
144,15
0,551
144,5
208,15
90,17
144,14
105,18
105,13
105,17
105,11
150,18
143,19
55,8
150,14
0,485
150,17
303,56
303,55
303,54
303,53
303,52
303,51
303,43
303,42
303,41
303,40
303,39
303,38
303,37
303,36
303,35
0,574
0,454
0,565
0,561
0,563
0,553
144,1
0,530
0,529
143,18
0,552
144,13
0,521
0,539
0,545
208,10
0,531
229,12
229,4
150,16
106,10
0,513
0,315
0,312
0,308
90,18
90,12
143,17
105,16
268,23
150,9
106,8
208,12
105,14
106,4
208,5
105,6
208,11
229,1
144,12
268,22
268,21
268,11
268,7
150,15
90,16
143,16
90,1
229,11
90,9
90,14
90,3
55,7
55,6
55,0
105,12
105,10
105,5
